Accuracy: 0.9372356999777431
Precision: 0.9383120772523024
Recall: 0.9372356999777431
F1 Score: 0.9374266620423616
