Accuracy: 0.9252170042288004
Precision: 0.9264474936029143
Recall: 0.9252170042288004
F1 Score: 0.9251133995814743
